411 572 579 803 842 (507)
350 572 579 803 842 (503)
350 411 579 803 842 (509)
350 411 572 803 842 (509)
350 411 572 579 842 (503)
350 411 572 579 803 (504)
217 546 661 923 947 (559)
208 290 458 888 969 (693)
33 217 283 346 515 (732)
572 579 803 842 (531)
571 623 795 853 (655)
546 661 923 947 (578)
494 815 862 944 (502)
494 541 631 963 (513)
411 579 803 842 (542)
411 572 803 842 (535)
411 572 579 842 (531)
411 572 579 803 (533)
350 579 803 842 (535)
350 572 803 842 (534)
350 572 579 842 (528)
350 572 579 803 (528)
350 411 803 842 (541)
350 411 579 842 (533)
350 411 579 803 (535)
350 411 572 842 (532)
350 411 572 803 (535)
350 411 572 579 (529)
290 458 888 969 (720)
217 661 923 947 (568)
217 546 923 947 (564)
217 546 661 947 (572)
217 546 661 923 (571)
217 283 346 515 (773)
208 458 888 969 (725)
208 290 888 969 (734)
208 290 458 969 (719)
208 290 458 888 (720)
185 471 678 960 (648)
158 354 583 617 (557)
120 593 862 895 (562)
105 815 862 944 (510)
105 494 862 944 (507)
105 494 815 944 (512)
105 494 815 862 (500)
70 684 765 819 (630)
33 283 346 515 (763)
33 217 346 515 (764)
33 217 283 515 (755)
33 217 283 346 (766)
21 413 793 857 (664)
12 227 390 722 (578)
815 862 944 (552)
708 883 978 (542)
684 765 819 (699)
661 923 947 (591)
623 795 853 (720)
593 862 895 (573)
579 803 842 (570)
572 803 842 (562)
572 579 842 (558)
572 579 803 (559)
571 795 853 (715)
571 623 853 (713)
571 623 795 (704)
546 923 947 (584)
546 661 947 (592)
546 661 923 (592)
541 631 963 (540)
529 598 782 (737)
494 862 944 (550)
494 815 944 (553)
494 815 862 (546)
494 631 963 (546)
494 541 963 (549)
494 541 631 (554)
471 678 960 (658)
471 663 871 (568)
470 534 995 (667)
458 888 969 (756)
413 793 857 (691)
411 803 842 (575)
411 579 842 (568)
411 579 803 (573)
411 572 842 (561)
411 572 803 (567)
411 572 579 (560)
392 801 862 (637)
368 494 682 (591)
354 583 617 (586)
350 803 842 (570)
350 579 842 (562)
350 579 803 (565)
350 572 842 (561)
350 572 803 (563)
350 572 579 (557)
350 411 842 (566)
350 411 803 (573)
350 411 579 (562)
350 411 572 (565)
346 561 888 (605)
296 368 829 (501)
290 888 969 (765)
290 458 969 (748)
290 458 888 (750)
283 346 515 (806)
242 471 758 (607)
227 390 722 (907)
217 923 947 (583)
217 661 947 (583)
217 661 923 (584)
217 546 947 (577)
217 546 923 (576)
217 546 661 (585)
217 346 515 (809)
217 283 515 (799)
217 283 346 (827)
208 888 969 (771)
208 458 969 (755)
208 458 888 (757)
208 290 969 (764)
208 290 888 (764)
208 290 458 (751)
192 888 935 (505)
192 638 935 (504)
192 487 935 (500)
185 678 960 (652)
185 471 960 (656)
185 471 678 (657)
158 583 617 (590)
158 354 617 (597)
158 354 583 (595)
120 862 895 (571)
120 593 895 (579)
120 593 862 (572)
105 862 944 (559)
105 815 944 (566)
105 815 862 (547)
105 494 944 (557)
105 494 862 (549)
105 494 815 (552)
75 438 684 (672)
70 765 819 (698)
70 684 819 (700)
70 684 765 (695)
54 944 998 (578)
39 704 825 (1035)
33 346 515 (797)
33 283 515 (786)
33 283 346 (802)
33 217 515 (789)
33 217 346 (802)
33 217 283 (793)
32 285 947 (609)
21 793 857 (695)
21 413 857 (688)
21 413 793 (700)
12 390 722 (629)
12 227 722 (609)
12 227 390 (607)
6 32 472 (545)
4 373 716 (531)
944 998 (637)
923 947 (859)
914 984 (546)
888 969 (810)
888 935 (535)
884 937 (594)
883 978 (601)
862 944 (659)
862 895 (635)
854 899 (539)
853 883 (571)
825 879 (537)
815 944 (626)
815 862 (615)
814 829 (501)
803 842 (607)
801 862 (674)
798 862 (513)
795 853 (806)
793 984 (656)
793 914 (568)
793 857 (734)
789 829 (1194)
788 956 (733)
774 883 (557)
766 960 (621)
765 819 (787)
746 966 (618)
735 780 (527)
720 780 (587)
708 978 (569)
708 883 (609)
707 867 (504)
704 884 (540)
704 825 (1102)
692 766 (535)
692 746 (578)
684 923 (514)
684 819 (800)
684 766 (613)
684 765 (812)
678 960 (669)
675 886 (823)
675 701 (540)
674 720 (537)
663 871 (624)
661 947 (637)
661 923 (623)
638 935 (513)
638 888 (529)
631 963 (591)
631 780 (540)
631 735 (535)
623 853 (791)
623 795 (805)
620 793 (519)
617 885 (632)
606 975 (682)
598 782 (800)
597 960 (504)
597 766 (569)
593 895 (631)
593 862 (615)
583 617 (631)
581 966 (624)
581 631 (580)
580 871 (541)
579 842 (600)
579 803 (619)
572 842 (592)
572 803 (604)
572 579 (601)
571 853 (793)
571 795 (838)
571 623 (783)
569 862 (552)
569 801 (503)
561 888 (678)
546 947 (608)
546 923 (600)
546 661 (610)
541 963 (590)
541 956 (570)
541 631 (625)
538 878 (767)
538 780 (511)
534 995 (750)
529 829 (584)
529 782 (862)
529 598 (943)
529 591 (509)
523 998 (561)
522 617 (622)
516 744 (678)
510 793 (535)
510 620 (509)
509 937 (643)
496 626 (761)
494 963 (611)
494 944 (654)
494 893 (572)
494 883 (671)
494 862 (720)
494 815 (625)
494 682 (714)
494 631 (659)
494 541 (694)
487 935 (519)
487 888 (558)
487 638 (523)
487 510 (646)
481 919 (536)
477 766 (525)
471 960 (935)
471 871 (643)
471 758 (694)
471 678 (810)
471 663 (633)
470 995 (754)
470 793 (581)
470 534 (764)
461 862 (514)
461 569 (500)
460 923 (574)
460 919 (591)
460 684 (619)
460 481 (526)
458 969 (788)
458 888 (796)
450 937 (561)
448 887 (621)
448 538 (723)
438 966 (676)
438 684 (825)
419 854 (519)
419 797 (622)
419 752 (597)
419 665 (533)
419 581 (546)
413 857 (731)
413 793 (766)
411 842 (603)
411 803 (826)
411 579 (617)
411 572 (610)
403 950 (541)
401 758 (604)
401 571 (708)
401 460 (554)
392 862 (881)
392 801 (664)
392 569 (535)
392 489 (866)
392 461 (502)
390 722 (1042)
385 684 (639)
373 716 (585)
368 937 (701)
368 829 (1194)
368 766 (504)
368 692 (928)
368 682 (1193)
368 653 (548)
368 529 (640)
368 494 (860)
368 470 (581)
368 460 (502)
368 438 (518)
362 918 (532)
354 956 (586)
354 752 (548)
354 722 (566)
354 617 (680)
354 583 (660)
354 480 (540)
350 842 (601)
350 803 (634)
350 579 (630)
350 572 (613)
350 411 (624)
349 888 (530)
349 634 (512)
348 912 (562)
346 888 (689)
346 561 (666)
346 515 (849)
335 509 (639)
309 793 (507)
309 620 (501)
296 829 (736)
296 368 (634)
290 969 (797)
290 888 (826)
290 458 (786)
285 947 (677)
285 871 (523)
283 515 (835)
283 346 (910)
279 766 (501)
279 489 (547)
242 758 (669)
242 489 (526)
242 471 (685)
242 392 (524)
240 956 (524)
236 956 (521)
236 829 (566)
236 541 (510)
229 758 (516)
227 722 (995)
227 390 (1049)
217 947 (716)
217 923 (625)
217 888 (539)
217 661 (693)
217 561 (519)
217 546 (599)
217 515 (843)
217 510 (547)
217 487 (546)
217 394 (543)
217 346 (1336)
217 283 (926)
214 956 (577)
214 354 (775)
210 829 (508)
208 969 (806)
208 888 (829)
208 458 (796)
208 290 (803)
205 529 (554)
197 878 (544)
192 935 (775)
192 888 (534)
192 638 (529)
192 487 (517)
185 960 (677)
185 678 (664)
185 471 (680)
183 766 (608)
183 541 (529)
183 366 (616)
177 947 (600)
177 775 (510)
175 910 (713)
175 834 (543)
175 766 (552)
158 617 (637)
158 583 (639)
158 354 (644)
157 719 (519)
154 168 (574)
145 419 (631)
143 919 (564)
143 481 (558)
143 460 (555)
132 688 (580)
132 638 (540)
130 274 (544)
120 895 (685)
120 885 (507)
120 862 (665)
120 829 (575)
120 793 (547)
120 638 (500)
120 620 (511)
120 593 (642)
120 510 (542)
120 309 (502)
120 132 (512)
116 673 (577)
105 944 (626)
105 862 (616)
105 815 (616)
105 494 (622)
100 362 (595)
94 428 (508)
93 789 (538)
90 793 (519)
90 620 (550)
90 510 (510)
90 309 (536)
90 120 (523)
75 829 (510)
75 775 (787)
75 684 (797)
75 438 (772)
75 325 (500)
72 937 (628)
72 541 (846)
72 183 (575)
71 766 (673)
70 819 (798)
70 765 (789)
70 684 (860)
69 871 (515)
69 362 (757)
69 285 (513)
58 354 (643)
57 937 (782)
57 918 (504)
57 368 (568)
57 362 (538)
54 998 (637)
54 944 (640)
52 598 (539)
41 541 (589)
39 825 (1187)
39 704 (1107)
39 419 (511)
39 368 (565)
39 145 (734)
38 918 (506)
38 362 (617)
33 515 (824)
33 346 (844)
33 283 (845)
33 217 (852)
32 947 (720)
32 472 (609)
32 285 (687)
27 354 (529)
27 58 (537)
21 918 (511)
21 857 (729)
21 793 (765)
21 413 (756)
21 362 (523)
21 205 (620)
21 57 (661)
17 956 (607)
17 541 (613)
12 722 (740)
12 390 (687)
12 227 (657)
12 132 (785)
12 120 (503)
6 676 (769)
6 472 (635)
6 32 (607)
4 716 (576)
